1979 8.0 14.3 18.6 21.2 23.3 24.9 27.7 32.3 35.8 40.7 42.9 22.2
1980 7.7 14.1 18.7 21.5 23.8 25.4 27.7 31.5 34.1 36.7 39.1 22.2
1981 8.3 14.7 19.2 22.1 24.3 25.7 27.5 30.2 31.6 33.2 33.6 22.4
1982 8.2 13.8 17.9 20.6 22.6 23.7 24.7 26.8 27.5 28.6 28.1 20.7
1983 9.1 13.7 17.5 20.1 22.0 22.9 23.7 25.4 27.1 29.4 30.7 20.4
1984 10.2 14.6 18.0 20.4 22.3 23.2 24.1 25.8 27.5 29.2 31.8 21.0
1985 9.8 14.8 18.1 20.4 22.3 23.3 23.8 25.0 26.0 28.9 29.2 20.9
1986 9.6 14.8 18.0 20.5 22.5 23.3 23.6 24.3 25.8 25.9 25.9 20.9
1987 8.7 14.0 17.6 20.2 22.8 24.3 26.0 29.0 30.7 32.7 33.9 21.6
1988 8.5 14.3 17.9 20.6 23.0 24.0 25.6 28.3 28.9 30.2 32.2 21.8
1989 7.9 13.9 17.9 20.5 22.9 24.0 25.4 27.4 28.4 29.3 31.3 21.5
1990 8.9 14.6 17.9 20.6 22.9 24.0 25.3 27.3 28.0 29.4 31.4 21.5
1991 8.4 14.2 17.6 20.5 22.7 24.1 25.6 28.0 29.3 31.0 32.7 21.5
1992 8.2 13.7 17.4 20.2 22.6 23.9 25.6 28.4 29.8 31.6 34.0 21.5
1993 8.0 13.5 17.3 20.2 22.6 24.1 26.6 30.3 33.7 36.8 38.8 22.0
1994 6.6 13.1 17.3 20.4 22.8 24.7 27.0 31.2 34.6 38.4 40.8 22.3
1995 6.3 13.4 17.3 20.5 23.1 25.0 27.5 31.5 35.1 38.7 40.9 22.6
1996 5.6 13.2 17.3 20.3 22.9 25.0 27.7 31.9 35.3 38.2 39.3 22.7
1997 5.8 13.6 17.4 20.5 23.2 25.1 27.8 32.0 34.8 36.6 36.1 22.9
1998 5.8 13.0 16.8 20.4 23.2 25.0 27.6 31.5 33.6 34.8 33.3 22.6
1999 6.1 13.3 16.9 20.5 23.4 25.3 28.1 32.0 33.9 34.7 32.8 22.9
2000 6.4 13.0 16.6 20.5 23.4 25.2 28.1 31.8 33.6 34.2 32.0 23.0
2001 5.1 11.5 15.3 18.9 22.1 24.3 26.6 30.5 32.7 34.2 33.7 21.4
2002 4.7 10.8 14.8 18.3 21.5 23.7 26.1 30.0 32.4 34.6 34.7 20.7
2003 4.6 9.8 13.8 17.4 20.3 22.3 25.0 29.0 31.1 33.1 33.6 19.8
2004 4.3 9.9 14.1 17.3 20.3 22.4 25.3 29.4 31.1 32.4 32.3 20.1
2005 4.3 9.9 14.2 17.4 20.3 22.4 25.7 29.7 31.2 32.1 31.5 20.5
